0017.699 RX: [00000260](00) 08 00 DE 00 00 05 03 58
0017.704 RX: [00000235](00) 00 00 00 00 00 3D
0017.709 RX: [00000224](00) 00 00 00 00 00 00 00 08
0017.713 RX: [00000262](00) 24 00 00 00 8D
0017.717 RX: [00000245](00) 00 00 00 80 CC
0017.721 RX: [00000247](00) 06 00 FF 00 00
0017.725 RX: [000003F9](00) 55 3C 56 01 00 00 00 EC
0017.729 RX: [000004A8](00) 00 00 00 40 00 00 00 00
0017.734 RX: [0000049D](00) 68 67 07 CA 93 2A 17 40
0017.738 RX: [00000020](00) 00 00 07 01 00 00 2F
0017.742 RX: [00000245](00) 00 00 00 80 CC
0017.746 RX: [00000351](00) 00 00 00 00
0017.750 RX: [000000B4](00) 00 00 00 00 00 00 00 BC
0017.755 RX: [00000024](00) 02 01 01 F8 62 16 80 20
0017.759 RX: [00000224](00) 00 00 00 00 00 00 00 08
0017.764 RX: [00000025](00) 00 21 00 02 82 82 82 D6
0017.768 RX: [00000247](00) 06 00 FF 00 00
0017.772 RX: [00000361](00) 80 00 00 00
0017.776 RX: [00000235](00) 00 00 00 00 00 3D
0017.780 RX: [00000260](00) 08 00 BF 00 00 03 FB 2F
0017.784 RX: [00000224](00) 00 00 00 00 00 00 00 08
0017.789 RX: [00000442](00) 43 02 00 10 10 00 00 00
0017.794 RX: [000000AA](00) 1A 6F 1A 6F 1A 6F 1A 6F
0017.799 RX: [000001C4](00) 00 00 00 00 00 00 00 CD
0017.803 RX: [00000611](00) 21 00 00 25 00 01 CC A5
0017.808 RX: [00000127](00) 70 10 00 08 00 00 84 3C
0017.812 RX: [0000032A](00) 00 2F
0017.815 RX: [00000247](00) 06 00 FF 00 00
0017.819 RX: [00000260](00) 08 00 A8 00 00 03 21 3E
0017.823 RX: [00000025](00) 00 1F 00 02 64 64 78 8E
0017.828 RX: [00000235](00) 00 00 00 00 00 3D
0017.832 RX: [00000262](00) 24 00 00 00 8D
0017.836 RX: [00000024](00) 02 02 01 F8 62 16 80 21
0017.841 RX: [00000260](00) 08 00 A6 00 00 02 DF F9
0017.845 RX: [000001C4](00) 00 00 00 00 00 00 00 CD
0017.850 RX: [0000063B](00) 16 00 1C A7 00 00 1D BE
0017.854 RX: [00000224](00) 00 00 00 00 00 00 00 08
0017.859 RX: [00000245](00) 00 00 00 80 CC
0017.863 RX: [00000247](00) 06 00 FF 00 00
0017.866 RX: [00000320](00) 20 20 00 00 00 08 C0 33
0017.871 RX: [00000020](00) 00 00 07 01 00 00 2F
0017.875 RX: [00000235](00) 00 00 00 00 00 3D
0017.880 RX: [00000260](00) 08 00 96 00 00 02 68 72
0017.884 RX: [00000024](00) 02 01 01 F8 62 16 80 20
0017.889 RX: [00000127](00) 70 10 00 08 00 00 84 3C
0017.893 RX: [00000443](00) 4D 02 00 20 05 00 00 00
0017.898 RX: [00000024](00) 02 01 01 F7 62 16 81 20
0017.902 RX: [00000224](00) 00 00 00 00 00 00 00 08
0017.907 RX: [00000020](00) 00 00 07 01 00 00 2F
0017.911 RX: [0000049C](00) A0 05 0A 00 00 00 00 23
0017.916 RX: [000001C4](00) 00 00 00 00 00 00 00 CD
0017.921 RX: [00000127](00) 70 10 00 08 00 00 84 3C
0017.926 RX: [000000AA](00) 1A 6F 1A 6F 1A 6F 1A 6F
0017.930 RX: [00000245](00) 00 00 00 80 CC
0017.934 RX: [00000247](00) 06 00 FF 00 00
0017.938 RX: [000004A1](00) FE 04 80 84 80 20 C1 02
0017.942 RX: [00000260](00) 08 00 4E 00 00 01 13 D4
0017.946 RX: [00000633](00) 81 00 00 00 00 00 00 00
0017.951 RX: [00000224](00) 00 00 00 00 00 00 00 08
0017.955 RX: [00000230](00) 00 29 00 00 00 00 62
0017.960 RX: [00000260](00) 08 00 2E 00 00 00 B5 55
0017.965 RX: [00000361](00) 80 00 00 00
0017.969 RX: [00000420](00) 00 02 00 03 FA FE 00 29
0017.973 RX: [00000127](00) 70 10 00 08 00 00 84 3C
0017.978 RX: [00000245](00) 00 00 00 80 CC
0017.981 RX: [000004C1](00) 01 00 09 05 00 00 00 00
0017.986 RX: [00000127](00) 70 10 00 08 00 00 84 3C
0017.990 RX: [00000394](00) 00
0017.993 RX: [00000235](00) 00 00 00 00 00 3D
0017.997 RX: [000001AA](00) 00 00 00 00 00 B1
0018.001 RX: [00000245](00) 00 00 00 80 CC
0018.006 RX: [00000024](00) 02 01 01 F8 62 16 80 20
0018.010 RX: [00000320](00) 20 20 00 00 00 08 C0 33
0018.015 RX: [00000632](00) 80 00 00 00 00 00 00 00
0018.019 RX: [00000260](00) 08 FF 9D 00 00 00 2F 3D
0018.024 RX: [00000245](00) 00 00 00 80 CC
0018.027 RX: [00000025](00) 00 0B 00 02 1E 64 78 34
0018.032 RX: [000003D3](00) 00 00
0018.035 RX: [00000127](00) 70 10 00 08 00 00 84 3C
0018.039 RX: [00000020](00) 00 00 07 01 00 00 2F
0018.044 RX: [00000351](00) 00 00 00 00
0018.048 RX: [00000245](00) 00 00 00 80 CC
0018.052 RX: [00000025](00) 00 08 00 02 46 46 78 3B
0018.056 RX: [000001C4](00) 00 00 00 00 00 00 00 CD
0018.061 RX: [00000260](00) 08 FF 04 00 00 FE AF 22
0018.065 RX: [00000024](00) 02 01 01 F7 62 16 80 1F
0018.070 RX: [000000AA](00) 1A 6F 1A 6F 1A 6F 1A 6F
0018.074 RX: [00000247](00) 06 00 FF 00 00
0018.078 RX: [00000260](00) 08 FF 1F 00 00 FE 9F 2D
0018.082 RX: [000000AA](00) 1A 6F 1A 6F 1A 6F 1A 6F
0018.087 RX: [00000127](00) 70 10 00 08 00 00 84 3C
0018.092 RX: [00000024](00) 02 01 01 F7 62 16 80 1F
0018.097 RX: [00000224](00) 00 00 00 00 00 00 00 08
0018.101 RX: [00000024](00) 02 01 01 F7 62 15 80 1E
0018.106 RX: [000000AA](00) 1A 6F 1A 6F 1A 6F 1A 6F
0018.110 RX: [00000262](00) 24 00 00 00 8D
0018.114 RX: [00000024](00) 02 02 01 F7 62 15 80 1F
0018.119 RX: [00000260](00) 08 FE FD 00 00 FC B1 1A
0018.123 RX: [00000247](00) 06 00 FF 00 00
0018.127 RX: [000001C4](00) 00 00 00 00 00 00 00 CD
0018.131 RX: [000000AA](00) 1A 6F 1A 6F 1A 6F 1A 6F
0018.137 RX: [00000025](00) 0F FD 00 02 3C 3C 78 2B
0018.141 RX: [00000245](00) 00 00 00 80 CC
0018.145 RX: [00000247](00) 06 00 FF 00 00
0018.149 RX: [00000024](00) 02 01 01 F8 62 16 80 20
0018.153 RX: [000001C4](00) 00 00 00 00 00 00 00 CD
0018.158 RX: [0000038E](00) 00 00 00 00 00 00 00 00
0018.162 RX: [00000024](00) 02 01 01 F8 62 16 80 20
0018.167 RX: [00000224](00) 00 00 00 00 00 00 00 08
0018.171 RX: [00000247](00) 06 00 FF 00 00
0018.176 RX: [000001C4](00) 00 00 00 00 00 00 00 CD
0018.180 RX: [00000260](00) 08 FE F7 00 00 FA E6 47
0018.185 RX: [00000025](00) 0F F6 00 02 0A 5A 78 10
0018.189 RX: [00000262](00) 24 00 00 00 8D
0018.193 RX: [00000247](00) 06 00 FF 00 00
0018.197 RX: [000001C4](00) 00 00 00 00 00 00 00 CD
0018.201 RX: [00000127](00) 70 10 00 08 00 00 84 3C
0018.206 RX: [00000320](00) 20 20 00 00 00 08 C0 33
0018.210 RX: [00000024](00) 02 01 01 F8 62 16 80 20
0018.215 RX: [00000127](00) 70 10 00 08 00 00 84 3C
0018.220 RX: [00000260](00) 08 FE E0 00 00 F9 7C C5
0018.225 RX: [00000351](00) 00 00 00 00
0018.228 RX: [000004A8](00) 00 00 00 40 00 00 00 00
0018.233 RX: [000000B4](00) 00 00 00 00 00 00 00 BC
0018.237 RX: [00000245](00) 00 00 00 80 CC
0018.241 RX: [00000622](00) 12 00 88 30 00 00 00 00
0018.245 RX: [0000032A](00) 00 2F
0018.248 RX: [00000127](00) 70 10 00 08 00 00 84 3C
0018.253 RX: [00000320](00) 20 20 00 00 00 08 C0 33
0018.257 RX: [00000024](00) 02 01 01 F7 62 16 80 1F
0018.263 RX: [000000AA](00) 1A 6F 1A 6F 1A 6F 1A 6F
0018.267 RX: [00000127](00) 70 10 00 08 00 00 84 3C
0018.272 RX: [00000024](00) 02 01 01 F8 62 16 80 20
0018.276 RX: [000000AA](00) 1A 6F 1A 6F 1A 6F 1A 6F
0018.281 RX: [00000025](00) 0F EA 00 02 14 64 78 18
0018.285 RX: [00000620](00) 10 00 00 1B B0 00 00 40
0018.290 RX: [00000394](00) 00
0018.292 RX: [00000440](00) 42 02 00 15 05 00 00 00
0018.297 RX: [00000127](00) 70 10 00 08 00 00 84 3C
0018.301 RX: [00000621](00) 11 00 00 00 00 00 00 00
0018.307 RX: [00000024](00) 02 01 01 F8 62 16 80 20
0018.311 RX: [00000224](00) 00 00 00 00 00 00 00 08
0018.316 RX: [000001C4](00) 00 00 00 00 00 00 00 CD
0018.320 RX: [00000260](00) 08 FE CC 00 00 F6 B2 E4
0018.325 RX: [000000AA](00) 1A 6F 1A 6F 1A 6F 1A 6F
0018.329 RX: [00000025](00) 0F E5 00 02 46 46 82 31
0018.334 RX: [00000247](00) 06 00 FF 00 00
0018.337 RX: [000001C4](00) 00 00 00 00 00 00 00 CD
0018.342 RX: [0000032A](00) 00 2F
0018.345 RX: [00000320](00) 20 20 00 00 00 08 C0 33
0018.350 RX: [0000063B](00) 16 00 1C A7 00 00 1D C3
0018.355 RX: [00000024](00) 02 01 01 F8 62 16 80 20
0018.359 RX: [00000224](00) 00 00 00 00 00 00 00 08
0018.364 RX: [00000127](00) 70 10 00 08 00 00 84 3C
0018.368 RX: [00000024](00) 02 01 01 F8 62 16 80 20
0018.373 RX: [000000AA](00) 1A 6F 1A 6F 1A 6F 1A 6F
0018.377 RX: [00000235](00) 00 00 00 00 00 3D
0018.381 RX: [000003BB](00) 00 00 00 00
0018.385 RX: [000001C4](00) 00 00 00 00 00 00 00 CD
0018.390 RX: [0000032A](00) 00 2F
0018.393 RX: [000000AA](00) 1A 6F 1A 6F 1A 6F 1A 6F
0018.398 RX: [00000127](00) 70 10 00 08 00 00 84 3C
0018.402 RX: [00000024](00) 02 01 01 F8 62 16 80 20
0018.407 RX: [000000AA](00) 1A 6F 1A 6F 1A 6F 1A 6F
0018.411 RX: [0000049C](00) A0 05 0A 00 00 00 00 23
0018.416 RX: [00000361](00) 80 00 00 00
0018.419 RX: [000000AA](00) 1A 6F 1A 6F 1A 6F 1A 6F
0018.424 RX: [00000245](00) 00 00 00 80 CC
0018.427 RX: [00000127](00) 70 10 00 08 00 00 84 3C
0018.433 RX: [00000224](00) 00 00 00 00 00 00 00 08
0018.437 RX: [00000230](00) 00 29 00 00 00 00 62
0018.442 RX: [000004A2](00) 19 00 00 CE 00 2F BB 01
0018.446 RX: [00000127](00) 70 10 00 08 00 00 84 3C
0018.451 RX: [00000247](00) 06 00 FF 00 00
0018.454 RX: [000000B6](00) 00 00 00 BA
0018.458 RX: [00000260](00) 08 FE A5 00 00 F3 85 8D
0018.462 RX: [00000024](00) 02 01 01 F7 62 15 80 1E
0018.467 RX: [000000AA](00) 1A 6F 1A 6F 1A 6F 1A 6F
0018.471 RX: [00000245](00) 00 00 00 80 CC
0018.476 RX: [00000247](00) 06 00 FF 00 00
0018.480 RX: [00000361](00) 80 00 00 00
0018.483 RX: [00000020](00) 00 00 07 01 00 00 2F
0018.487 RX: [0000032A](00) 00 2F
0018.490 RX: [00000320](00) 20 20 00 00 00 08 C0 33
0018.495 RX: [00000245](00) 00 00 00 80 CC
0018.499 RX: [00000260](00) 08 FE 98 00 00 F2 BF B9
0018.503 RX: [000000AA](00) 1A 6F 1A 6F 1A 6F 1A 6F
0018.508 RX: [00000262](00) 24 00 00 00 8D
0018.511 RX: [00000421](00) 00 00 00 00 00 00 00 00
0018.516 RX: [000000AA](00) 1A 6F 1A 6F 1A 6F 1A 6F
0018.521 RX: [00000260](00) 08 FE A2 00 00 F2 D5 D9
0018.526 RX: [00000351](00) 00 00 00 00
0018.529 RX: [00000224](00) 00 00 00 00 00 00 00 08
0018.534 RX: [00000024](00) 02 01 01 F8 62 16 80 20
0018.538 RX: [00000260](00) 08 FE A4 00 00 F2 F6 FC
0018.543 RX: [00000127](00) 70 10 00 08 00 00 84 3C
0018.547 RX: [00000262](00) 24 00 00 00 8D
0018.551 RX: [00000224](00) 00 00 00 00 00 00 00 08
0018.555 RX: [000003D3](00) 00 00
0018.558 RX: [00000127](00) 70 10 00 08 00 00 84 3C
0018.564 RX: [000000AA](00) 1A 6F 1A 6F 1A 6F 1A 6F
0018.568 RX: [00000247](00) 06 00 FF 00 00
0018.572 RX: [00000024](00) 02 01 01 F7 62 16 80 1F
0018.577 RX: [00000224](00) 00 00 00 00 00 00 00 08
0018.581 RX: [00000260](00) 08 FE 9C 00 00 F2 5C 5A
0018.586 RX: [00000620](00) 10 00 00 1B B0 00 00 40
0018.590 RX: [00000320](00) 20 20 00 00 00 08 C0 33
0018.595 RX: [00000235](00) 00 00 00 00 00 3D
0018.598 RX: [000000AA](00) 1A 6F 1A 6F 1A 6F 1A 6F
0018.604 RX: [00000224](00) 00 00 00 00 00 00 00 08
0018.608 RX: [00000127](00) 70 10 00 08 00 00 84 3C
0018.613 RX: [000000AA](00) 1A 6F 1A 6F 1A 6F 1A 6F
0018.617 RX: [00000260](00) 08 FE AB 00 00 F2 F6 03
0018.622 RX: [000001C4](00) 00 00 00 00 00 00 00 CD
0018.626 RX: [00000127](00) 70 10 00 08 00 00 84 3C
0018.631 RX: [00000024](00) 02 01 01 F8 62 15 80 1F
0018.635 RX: [000000AA](00) 1A 6F 1A 6F 1A 6F 1A 6F
0018.640 RX: [00000247](00) 06 00 FF 00 00
0018.644 RX: [000001C4](00) 00 00 00 00 00 00 00 CD
0018.649 RX: [00000224](00) 00 00 00 00 00 00 00 08
0018.654 RX: [00000020](00) 00 00 07 01 00 00 2F
0018.658 RX: [00000127](00) 70 10 00 08 00 00 84 3C
0018.662 RX: [000000AA](00) 1A 6F 1A 6F 1A 6F 1A 6F
0018.667 RX: [00000024](00) 02 01 01 F8 62 16 80 20
0018.671 RX: [000001C4](00) 00 00 00 00 00 00 00 CD
0018.676 RX: [000003BC](00) 00 20 00 00 00 00 00 00
0018.680 RX: [0000032A](00) 00 2F
0018.683 RX: [00000320](00) 20 20 00 00 00 08 C0 33
0018.689 RX: [00000247](00) 06 00 FF 00 00
0018.692 RX: [0000045C](00) 5F 02 00 20 07 00 00 00
0018.697 RX: [00000224](00) 00 00 00 00 00 00 00 08
0018.701 RX: [00000260](00) 08 FF 06 00 00 F7 20 8E
0018.706 RX: [00000245](00) 00 00 00 80 CC
0018.710 RX: [00000247](00) 06 00 FF 00 00
0018.713 RX: [00000025](00) 0F CB 00 02 82 82 82 8F
0018.718 RX: [00000260](00) 08 FF 15 00 00 F8 3D BB
0018.722 RX: [00000127](00) 70 10 00 08 00 00 84 3C
0018.727 RX: [00000024](00) 02 01 01 F8 62 16 80 20
0018.732 RX: [0000049D](00) 68 67 08 4A 93 2A 17 40
0018.737 RX: [00000247](00) 06 00 FF 00 00
0018.740 RX: [00000235](00) 00 00 00 00 00 3D
0018.744 RX: [00000224](00) 00 00 00 00 00 00 00 08
0018.749 RX: [00000262](00) 24 00 00 00 8D
0018.753 RX: [00000245](00) 00 00 00 80 CC
0018.756 RX: [00000260](00) 08 FF 19 00 00 F9 3A BD
0018.761 RX: [00000351](00) 00 00 00 00
0018.764 RX: [00000235](00) 00 00 00 00 00 3D
0018.768 RX: [00000224](00) 00 00 00 00 00 00 00 08
0018.774 RX: [00000127](00) 70 10 00 08 00 00 84 3C
0018.778 RX: [00000260](00) 08 FF 17 00 00 F9 71 F2
0018.783 RX: [00000320](00) 20 20 00 00 00 08 C0 33
0018.787 RX: [00000262](00) 24 00 00 00 8D
0018.791 RX: [00000127](00) 70 10 00 08 00 00 84 3C
0018.795 RX: [00000224](00) 00 00 00 00 00 00 00 08
0018.800 RX: [00000245](00) 00 00 00 80 CC
0018.804 RX: [00000127](00) 70 10 00 08 00 00 84 3C
0018.808 RX: [000001C4](00) 00 00 00 00 00 00 00 CD
0018.813 RX: [00000235](00) 00 00 00 00 00 3D
0018.818 RX: [00000260](00) 08 FF 16 00 00 FA 00 81
0018.822 RX: [00000351](00) 00 00 00 00
0018.826 RX: [0000032A](00) 00 2F
0018.829 RX: [00000320](00) 20 20 00 00 00 08 C0 33
0018.833 RX: [000001C4](00) 00 00 00 00 00 00 00 CD
0018.838 RX: [00000127](00) 70 10 00 08 00 00 84 3C
0018.842 RX: [000003B7](00) 00 00 00 00 00 00 00 00
0018.847 RX: [00000024](00) 02 01 01 F8 62 16 80 20
0018.851 RX: [00000247](00) 06 00 FF 00 00
0018.855 RX: [000001C4](00) 00 00 00 00 00 00 00 CD
0018.860 RX: [00000025](00) 0F CD 00 02 3C 3C 82 05
0018.865 RX: [000000AA](00) 1A 6F 1A 6F 1A 6F 1A 6F
0018.869 RX: [00000262](00) 24 00 00 00 8D
0018.873 RX: [00000024](00) 02 01 01 F7 62 16 80 1F
0018.877 RX: [00000320](00) 20 20 00 00 00 08 C0 33
0018.882 RX: [00000351](00) 00 00 00 00
0018.885 RX: [00000394](00) 00
0018.888 RX: [000004C1](00) 01 00 09 05 00 00 00 00
0018.893 RX: [00000440](00) 42 02 00 15 05 00 00 00
0018.897 RX: [00000247](00) 06 00 FF 00 00
0018.902 RX: [000000AA](00) 1A 6F 1A 6F 1A 6F 1A 6F
0018.906 RX: [000001C4](00) 00 00 00 00 00 00 00 CD
0018.911 RX: [0000049C](00) A0 05 0A 00 00 00 00 23
0018.915 RX: [00000224](00) 00 00 00 00 00 00 00 08
0018.920 RX: [0000032A](00) 00 2F
0018.923 RX: [00000247](00) 06 00 FF 00 00
0018.926 RX: [000001C4](00) 00 00 00 00 00 00 00 CD
0018.931 RX: [00000025](00) 0F CE 00 02 78 78 78 74
0018.935 RX: [00000127](00) 70 10 00 08 00 00 84 3C
0018.940 RX: [000004A2](00) 19 00 00 CE 00 2F BB 01
0018.945 RX: [00000247](00) 06 00 FF 00 00
0018.949 RX: [000000AA](00) 1A 6F 1A 6F 1A 6F 1A 6F
0018.954 RX: [000003B6](00) 00 00 02 10 00 00 03 00
0018.958 RX: [00000260](00) 08 FF 2D 00 00 FB 3E D7
0018.963 RX: [00000224](00) 00 00 00 00 00 00 00 08
0018.967 RX: [00000230](00) 00 29 00 00 00 00 62
0018.971 RX: [00000247](00) 06 00 FF 00 00
0018.975 RX: [00000260](00) 08 FF 30 00 00 FB 80 1C
0018.980 RX: [00000024](00) 02 01 01 F8 62 16 80 20
0018.984 RX: [00000127](00) 70 10 00 08 00 00 84 3C
0018.990 RX: [00000245](00) 00 00 00 80 CC
0018.993 RX: [00000024](00) 02 01 01 F8 62 16 80 20
0018.998 RX: [000001C4](00) 00 00 00 00 00 00 00 CD
0019.002 RX: [000003B3](00) 00 00 28
0019.005 RX: [00000630](00) 17 00 00 00 00 00 00 00
0019.010 RX: [00000224](00) 00 00 00 00 00 00 00 08
0019.014 RX: [00000632](00) 80 00 00 00 00 00 00 00
0019.019 RX: [00000127](00) 70 10 00 08 00 00 84 3C
0019.023 RX: [00000320](00) 20 20 00 00 00 08 C0 33
0019.028 RX: [00000024](00) 02 01 01 F8 62 16 7F 1F
0019.033 RX: [000004C8](00) 09 00 09 05 00 00 00 00
0019.038 RX: [00000260](00) 08 FF 3B 00 00 FC 19 C1
0019.042 RX: [00000024](00) 02 01 01 F8 62 16 80 20
0019.047 RX: [000000AA](00) 1A 6F 1A 6F 1A 6F 1A 6F
0019.051 RX: [000000B4](00) 00 00 00 00 00 00 00 BC
0019.056 RX: [00000260](00) 08 FF 4F 00 00 FC 86 42
0019.060 RX: [00000361](00) 80 00 00 00
0019.064 RX: [0000032A](00) 00 2F
0019.067 RX: [000001C4](00) 00 00 00 00 00 00 00 CD
0019.072 RX: [00000320](00) 20 20 00 00 00 08 C0 33
0019.077 RX: [00000260](00) 08 FF 5E 00 00 FC FE C9
0019.081 RX: [000003D3](00) 00 00
0019.084 RX: [00000127](00) 70 10 00 08 00 00 84 3C
0019.089 RX: [00000024](00) 02 01 01 F8 62 16 80 20
0019.093 RX: [00000443](00) 4D 02 00 20 05 00 00 00
0019.098 RX: [00000610](00) 20 00 00 29 C0 00 00 14
0019.102 RX: [000003B0](00) 00 A2 00 54 00 08
0019.106 RX: [00000262](00) 24 00 00 00 8D
0019.110 RX: [00000247](00) 06 00 FF 00 00
0019.115 RX: [000001C4](00) 00 00 00 00 00 00 00 CD
0019.119 RX: [00000320](00) 20 20 00 00 00 08 C0 33
0019.123 RX: [00000351](00) 00 00 00 00
0019.127 RX: [00000361](00) 80 00 00 00
0019.130 RX: [00000224](00) 00 00 00 00 00 00 00 08
0019.135 RX: [00000247](00) 06 00 FF 00 00
0019.139 RX: [000001C4](00) 00 00 00 00 00 00 00 CD
0019.143 RX: [000003B7](00) 00 00 00 00 00 00 00 00
0019.148 RX: [000000B4](00) 00 00 00 00 00 00 00 BC
0019.152 RX: [00000245](00) 00 00 00 80 CC
0019.156 RX: [0000038E](00) 00 00 00 00 00 00 00 00
0019.161 RX: [00000024](00) 02 01 01 F7 62 16 7F 1E
0019.166 RX: [00000127](00) 70 10 00 08 00 00 84 3C
0019.170 RX: [00000320](00) 20 20 00 00 00 08 C0 33
0019.175 RX: [00000235](00) 00 00 00 00 00 3D
0019.179 RX: [00000224](00) 00 00 00 00 00 00 00 08
0019.183 RX: [00000620](00) 10 00 00 1B B0 00 00 40
0019.188 RX: [00000394](00) 00
0019.190 RX: [0000044D](00) 5C 02 00 08 02 00 00 00
0019.195 RX: [00000260](00) 08 FF CB 00 00 FF 2A 65
0019.200 RX: [00000245](00) 00 00 00 80 CC
0019.204 RX: [00000247](00) 06 00 FF 00 00
0019.208 RX: [0000032A](00) 00 2F
0019.211 RX: [00000383](00) 01 00 00 00 00 00 00 00
0019.215 RX: [00000260](00) 08 FF E2 00 00 FF 56 A8
0019.220 RX: [00000020](00) 00 00 07 01 00 00 2F
0019.224 RX: [00000245](00) 00 00 00 80 CC
0019.228 RX: [00000499](00) 00 00 39 00 00 00 00 00
0019.232 RX: [00000024](00) 02 01 01 F7 62 16 80 1F
0019.237 RX: [00000622](00) 12 00 88 30 00 00 00 00
0019.241 RX: [00000351](00) 00 00 00 00
0019.246 RX: [000004A6](00) 4C 8B 17 17 17 17 12 00
0019.250 RX: [000000AA](00) 1A 6F 1A 6F 1A 6F 1A 6F
0019.255 RX: [00000361](00) 80 00 00 00
0019.258 RX: [00000024](00) 02 01 01 F8 62 16 80 20
0019.263 RX: [00000320](00) 20 20 00 00 00 08 C0 33
0019.267 RX: [00000262](00) 24 00 00 00 8D
0019.271 RX: [000004C6](00) 07 00 02 00 00 00 00 00
0019.275 RX: [00000260](00) 08 00 AF 00 00 00 1C 3D
0019.280 RX: [00000230](00) 00 29 00 00 00 00 62
0019.284 RX: [00000024](00) 02 01 01 F8 62 16 80 20
0019.290 RX: [000000AA](00) 1A 6F 1A 6F 1A 6F 1A 6F
0019.294 RX: [0000045C](00) 5F 02 00 20 07 00 00 00
0019.299 RX: [00000224](00) 00 00 00 00 00 00 00 08
0019.303 RX: [000001C4](00) 00 00 00 00 00 00 00 CD
0019.308 RX: [00000624](00) 1A 00 41 49 49 40 FF 00
0019.312 RX: [00000127](00) 70 10 00 08 00 00 84 3C
0019.316 RX: [00000235](00) 00 00 00 00 00 3D
0019.320 RX: [00000247](00) 06 00 FF 00 00
0019.324 RX: [00000224](00) 00 00 00 00 00 00 00 08
0019.330 RX: [00000127](00) 70 10 00 08 00 00 84 3C
0019.334 RX: [000004DD](00) 1E 00 02 03 00 00 00 00
0019.339 RX: [00000639](00) 14 00 02 00 00 00 00 00
0019.343 RX: [00000245](00) 00 00 00 80 CC
0019.347 RX: [0000063B](00) 16 00 1C A7 00 00 1D CD
0019.351 RX: [000001C4](00) 00 00 00 00 00 00 00 CD
0019.356 RX: [00000260](00) 08 00 ED 00 00 02 B4 15
0019.360 RX: [00000351](00) 00 00 00 00
0019.364 RX: [00000235](00) 00 00 00 00 00 3D
0019.368 RX: [00000247](00) 06 00 FF 00 00
0019.373 RX: [00000224](00) 00 00 00 00 00 00 00 08
0019.377 RX: [00000025](00) 0F F8 00 02 46 46 6E 30
0019.381 RX: [00000127](00) 70 10 00 08 00 00 84 3C
0019.386 RX: [00000262](00) 24 00 00 00 8D
0019.390 RX: [00000235](00) 00 00 00 00 00 3D
0019.394 RX: [000000AA](00) 1A 6F 1A 6F 1A 6F 1A 6F
0019.398 RX: [000001C4](00) 00 00 00 00 00 00 00 CD
0019.403 RX: [000003BB](00) 00 00 00 00
0019.406 RX: [00000498](00) C0 00 00 47 B4 00 00 00
0019.411 RX: [00000245](00) 00 00 00 80 CC
0019.415 RX: [00000247](00) 06 00 FF 00 00
0019.419 RX: [00000224](00) 00 00 00 00 00 00 00 08
0019.424 RX: [000001C4](00) 00 00 00 00 00 00 00 CD
0019.428 RX: [00000127](00) 70 10 00 08 00 00 84 3C
0019.433 RX: [000000AA](00) 1A 6F 1A 6F 1A 6F 1A 6F
0019.437 RX: [00000024](00) 02 01 01 F7 62 16 7F 1E
0019.442 RX: [00000247](00) 06 00 FF 00 00
0019.445 RX: [00000361](00) 80 00 00 00
0019.449 RX: [00000024](00) 02 02 01 F7 62 16 80 20
0019.453 RX: [000000AA](00) 1A 6F 1A 6F 1A 6F 1A 6F
0019.459 RX: [00000245](00) 00 00 00 80 CC
0019.462 RX: [00000247](00) 06 00 FF 00 00
0019.466 RX: [000000B6](00) 00 00 00 BA
0019.470 RX: [000001C4](00) 00 00 00 00 00 00 00 CD
0019.474 RX: [00000024](00) 02 02 01 F7 62 16 80 20
0019.479 RX: [000000AA](00) 1A 6F 1A 6F 1A 6F 1A 6F
0019.483 RX: [00000245](00) 00 00 00 80 CC
0019.487 RX: [00000247](00) 06 00 FF 00 00
0019.491 RX: [00000440](00) 42 02 00 15 05 00 00 00
0019.495 RX: [00000260](00) 08 01 2D 00 00 07 96 3D
0019.501 RX: [00000024](00) 02 02 01 F7 62 16 80 20
0019.505 RX: [00000262](00) 24 00 00 00 8D
0019.509 RX: [00000235](00) 00 00 00 00 00 3D
0019.513 RX: [0000042F](00) 00 00 00 00 00 00 00 00
0019.517 RX: [00000224](00) 00 00 00 00 00 00 00 08
0019.522 RX: [00000025](00) 00 0E 00 02 0A 46 78 05
0019.526 RX: [00000127](00) 70 10 00 08 00 00 84 3C
0019.531 RX: [00000245](00) 00 00 00 80 CC
0019.534 RX: [00000260](00) 08 01 39 00 00 09 0C C1
0019.539 RX: [00000224](00) 00 00 00 00 00 00 00 08
0019.544 RX: [00000127](00) 70 10 00 08 00 00 84 3C
0019.549 RX: [0000032A](00) 00 2F
0019.552 RX: [00000245](00) 00 00 00 80 CC
0019.556 RX: [00000260](00) 08 01 36 00 00 08 DF 90
0019.560 RX: [00000235](00) 00 00 00 00 00 3D
0019.564 RX: [00000224](00) 00 00 00 00 00 00 00 08
0019.569 RX: [00000020](00) 00 00 07 01 00 00 2F
0019.573 RX: [00000024](00) 02 02 01 F8 62 16 80 21
0019.577 RX: [00000245](00) 00 00 00 80 CC
0019.581 RX: [00000024](00) 02 02 01 F7 62 15 80 1F
0019.586 RX: [00000442](00) 43 02 00 10 10 00 00 00
0019.591 RX: [00000127](00) 70 10 00 08 00 00 84 3C
0019.595 RX: [00000260](00) 08 01 2F 00 00 09 2C D7
0019.600 RX: [00000351](00) 00 00 00 00
0019.603 RX: [00000247](00) 06 00 FF 00 00
0019.607 RX: [00000127](00) 70 10 00 08 00 00 84 3C
0019.612 RX: [00000224](00) 00 00 00 00 00 00 00 08
0019.616 RX: [00000613](00) 28 00 00 00 00 00 00 00
0019.621 RX: [00000024](00) 02 02 01 F8 62 16 80 21
0019.625 RX: [00000262](00) 24 00 00 00 8D
0019.630 RX: [00000235](00) 00 00 00 00 00 3D
0019.634 RX: [000001C4](00) 00 00 00 00 00 00 00 CD
0019.638 RX: [00000224](00) 00 00 00 00 00 00 00 08
0019.643 RX: [0000032A](00) 00 2F
0019.646 RX: [000000AA](00) 1A 6F 1A 6F 1A 6F 1A 6F
0019.650 RX: [00000320](00) 20 20 00 00 00 08 C0 33
0019.655 RX: [00000260](00) 08 01 22 00 00 09 37 D5
0019.659 RX: [000000B6](00) 00 00 00 BA
0019.663 RX: [00000262](00) 24 00 00 00 8D
0019.666 RX: [00000024](00) 02 02 01 F8 62 17 80 22
0019.672 RX: [000000AA](00) 1A 6F 1A 6F 1A 6F 1A 6F
0019.676 RX: [00000247](00) 06 00 FF 00 00
0019.680 RX: [000001C4](00) 00 00 00 00 00 00 00 CD
0019.685 RX: [00000224](00) 00 00 00 00 00 00 00 08
0019.689 RX: [00000127](00) 70 10 00 08 00 00 84 3C
0019.694 RX: [00000245](00) 00 00 00 80 CC
0019.697 RX: [000003BC](00) 00 20 00 00 00 00 00 00
0019.702 RX: [00000024](00) 02 02 01 F8 62 16 80 21
0019.706 RX: [000003B1](00) 00 00 01 01 00 08 00 00
0019.712 RX: [00000224](00) 00 00 00 00 00 00 00 08
0019.716 RX: [00000024](00) 02 02 01 F8 62 16 80 21
0019.721 RX: [000000AA](00) 1A 6F 1A 6F 1A 6F 1A 6F
0019.725 RX: [000003F9](00) 55 3C 56 01 00 00 00 EC
0019.730 RX: [0000049B](00) 00 A0 1D 20 00 00 50 10
0019.734 RX: [00000260](00) 08 00 C0 00 00 04 C1 F7
0019.739 RX: [00000024](00) 02 01 01 F8 62 16 80 20
0019.743 RX: [00000245](00) 00 00 00 80 CC
0019.747 RX: [00000247](00) 06 00 FF 00 00
0019.751 RX: [00000024](00) 02 01 01 F8 62 16 80 20
0019.756 RX: [00000127](00) 70 10 00 08 00 00 84 3C
0019.761 RX: [00000224](00) 00 00 00 00 00 00 00 08
0019.765 RX: [00000245](00) 00 00 00 80 CC
0019.769 RX: [00000361](00) 80 00 00 00
0019.772 RX: [00000127](00) 70 10 00 08 00 00 84 3C
0019.777 RX: [00000235](00) 00 00 00 00 00 3D
0019.781 RX: [00000620](00) 10 00 00 1B B0 00 00 40
0019.785 RX: [00000394](00) 00
0019.788 RX: [00000626](00) 1C 00 00 00 00 00 00 00
0019.792 RX: [00000320](00) 20 20 00 00 00 08 C0 33
0019.798 RX: [000001C4](00) 00 00 00 00 00 00 00 CD
0019.802 RX: [00000024](00) 02 01 01 F8 62 16 80 20
0019.807 RX: [00000619](00) 23 00 00 00 00 00 4F 80
0019.811 RX: [00000245](00) 00 00 00 80 CC
0019.815 RX: [00000247](00) 06 00 FF 00 00
0019.819 RX: [00000127](00) 70 10 00 08 00 00 84 3C
0019.823 RX: [00000024](00) 02 01 01 F8 62 16 7F 1F
0019.828 RX: [000000AA](00) 1A 6F 1A 6F 1A 6F 1A 6F
0019.832 RX: [00000224](00) 00 00 00 00 00 00 00 08
0019.837 RX: [00000127](00) 70 10 00 08 00 00 84 3C
0019.842 RX: [00000320](00) 20 20 00 00 00 08 C0 33
0019.847 RX: [00000024](00) 02 01 01 F8 62 16 80 20
0019.851 RX: [00000235](00) 00 00 00 00 00 3D
0019.855 RX: [00000260](00) 08 00 CC 00 00 04 11 53
0019.860 RX: [00000245](00) 00 00 00 80 CC
0019.863 RX: [000000AA](00) 1A 6F 1A 6F 1A 6F 1A 6F
0019.868 RX: [000001C4](00) 00 00 00 00 00 00 00 CD
0019.872 RX: [00000235](00) 00 00 00 00 00 3D
0019.876 RX: [00000224](00) 00 00 00 00 00 00 00 08
0019.881 RX: [00000245](00) 00 00 00 80 CC
0019.886 RX: [00000247](00) 06 00 FF 00 00
0019.889 RX: [00000320](00) 20 20 00 00 00 08 C0 33
0019.894 RX: [00000260](00) 08 00 EF 00 00 05 24 8A
0019.898 RX: [00000361](00) 80 00 00 00
0019.902 RX: [00000127](00) 70 10 00 08 00 00 84 3C
0019.906 RX: [00000020](00) 00 00 07 01 00 00 2F
0019.910 RX: [00000247](00) 06 00 FF 00 00
0019.914 RX: [000001C4](00) 00 00 00 00 00 00 00 CD
0019.919 RX: [00000024](00) 02 02 01 F7 62 15 80 1F
0019.923 RX: [00000235](00) 00 00 00 00 00 3D
0019.928 RX: [00000224](00) 00 00 00 00 00 00 00 08
0019.933 RX: [00000024](00) 02 02 01 F7 62 15 80 1F
0019.937 RX: [000004A0](00) 06 B4 00 00 00 00 00 00
0019.942 RX: [000001C4](00) 00 00 00 00 00 00 00 CD
0019.946 RX: [00000633](00) 81 00 00 00 00 00 00 00
0019.951 RX: [00000127](00) 70 10 00 08 00 00 84 3C
0019.955 RX: [00000025](00) 00 1A 00 02 78 78 78 B1
0019.960 RX: [00000351](00) 00 00 00 00
0019.963 RX: [000001C4](00) 00 00 00 00 00 00 00 CD
0019.969 RX: [00000235](00) 00 00 00 00 00 3D
0019.972 RX: [000001AA](00) 00 00 00 00 00 B1
0019.976 RX: [00000245](00) 00 00 00 80 CC
0019.980 RX: [00000247](00) 06 00 FF 00 00
0019.984 RX: [00000320](00) 20 20 00 00 00 08 C0 33
0019.988 RX: [000001C4](00) 00 00 00 00 00 00 00 CD
0019.993 RX: [00000260](00) 08 01 07 00 00 06 83 03
0019.997 RX: [00000224](00) 00 00 00 00 00 00 00 08
0020.002 RX: [00000245](00) 00 00 00 80 CC
0020.006 RX: [00000630](00) 17 00 00 00 00 00 00 00
0020.011 RX: [000001C4](00) 00 00 00 00 00 00 00 CD
0020.016 RX: [00000024](00) 02 01 01 F7 62 16 80 1F
0020.020 RX: [00000351](00) 00 00 00 00
0020.024 RX: [000003B3](00) 00 00 28
0020.027 RX: [0000032A](00) 00 2F
0020.030 RX: [00000127](00) 70 10 00 08 00 00 84 3C
0020.034 RX: [00000320](00) 20 20 00 00 00 08 C0 33
0020.039 RX: [00000025](00) 00 1A 00 02 78 78 78 B1
0020.043 RX: [00000024](00) 02 01 01 F7 62 15 7F 1D
0020.048 RX: [00000245](00) 00 00 00 80 CC
0020.051 RX: [00000247](00) 06 00 FF 00 00
0020.056 RX: [000000AA](00) 1A 6F 1A 6F 1A 6F 1A 6F
0020.061 RX: [00000020](00) 00 00 07 01 00 00 2F
0020.065 RX: [00000127](00) 70 10 00 08 00 00 84 3C
0020.069 RX: [00000224](00) 00 00 00 00 00 00 00 08
0020.074 RX: [00000260](00) 08 01 0D 00 00 07 3E C5
0020.078 RX: [00000351](00) 00 00 00 00
0020.082 RX: [00000394](00) 00
0020.085 RX: [00000020](00) 00 00 07 01 00 00 2F
0020.089 RX: [00000024](00) 02 01 01 F8 62 16 7F 1F
0020.093 RX: [00000245](00) 00 00 00 80 CC
0020.098 RX: [00000247](00) 06 00 FF 00 00
0020.102 RX: [00000024](00) 02 02 01 F8 62 16 80 21
0020.106 RX: [000000AA](00) 1A 6F 1A 6F 1A 6F 1A 6F
0020.111 RX: [00000020](00) 00 00 07 01 00 00 2F
0020.115 RX: [00000127](00) 70 10 00 08 00 00 84 3C
0020.119 RX: [00000245](00) 00 00 00 80 CC
0020.123 RX: [0000032A](00) 00 2F
0020.126 RX: [000003D3](00) 00 00
0020.129 RX: [00000127](00) 70 10 00 08 00 00 84 3C
0020.134 RX: [00000260](00) 08 01 0B 00 00 07 54 D9
0020.139 RX: [00000351](00) 00 00 00 00
0020.143 RX: [00000262](00) 24 00 00 00 8D
0020.146 RX: [00000127](00) 70 10 00 08 00 00 84 3C
0020.151 RX: [000001C4](00) 00 00 00 00 00 00 00 CD
0020.155 RX: [00000361](00) 80 00 00 00
0020.159 RX: [00000025](00) 00 1A 00 02 78 78 78 B1
0020.163 RX: [00000127](00) 70 10 00 08 00 00 84 3C
0020.168 RX: [00000224](00) 00 00 00 00 00 00 00 08
0020.172 RX: [00000260](00) 08 01 0D 00 00 07 75 FC
0020.177 RX: [000000AA](00) 1A 6F 1A 6F 1A 6F 1A 6F
0020.182 RX: [00000127](00) 70 10 00 08 00 00 84 3C
0020.187 RX: [00000024](00) 02 01 01 F8 62 16 80 20
0020.191 RX: [00000224](00) 00 00 00 00 00 00 00 08
0020.196 RX: [00000025](00) 00 1A 00 02 78 78 78 B1
0020.200 RX: [00000351](00) 00 00 00 00
0020.204 RX: [000000AA](00) 1A 6F 1A 6F 1A 6F 1A 6F
0020.208 RX: [00000235](00) 00 00 00 00 00 3D
0020.212 RX: [00000260](00) 08 01 0B 00 00 07 75 FA
0020.217 RX: [00000247](00) 06 00 FF 00 00
0020.220 RX: [000001C4](00) 00 00 00 00 00 00 00 CD
0020.226 RX: [00000320](00) 20 20 00 00 00 08 C0 33
0020.230 RX: [000004C6](00) 07 00 02 00 00 00 00 00
0020.235 RX: [00000260](00) 08 01 0B 00 00 07 75 FA
0020.239 RX: [00000247](00) 06 00 FF 00 00
0020.243 RX: [00000025](00) 00 1A 00 02 78 78 78 B1
0020.247 RX: [00000127](00) 70 10 00 08 00 00 84 3C
0020.252 RX: [000000AA](00) 1A 6F 1A 6F 1A 6F 1A 6F
0020.256 RX: [00000235](00) 00 00 00 00 00 3D
0020.260 RX: [000000AA](00) 1A 6F 1A 6F 1A 6F 1A 6F
0020.265 RX: [00000247](00) 06 00 FF 00 00
0020.270 RX: [0000032A](00) 00 2F
0020.273 RX: [00000320](00) 20 20 00 00 00 08 C0 33
0020.277 RX: [00000127](00) 70 10 00 08 00 00 84 3C
0020.282 RX: [00000024](00) 02 02 01 F7 62 15 80 1F
0020.286 RX: [00000247](00) 06 00 FF 00 00
0020.290 RX: [000001C4](00) 00 00 00 00 00 00 00 CD
0020.294 RX: [00000127](00) 70 10 00 08 00 00 84 3C
0020.299 RX: [000000AA](00) 1A 6F 1A 6F 1A 6F 1A 6F
0020.303 RX: [000000B4](00) 00 00 00 00 00 00 00 BC
0020.308 RX: [00000245](00) 00 00 00 80 CC
0020.312 RX: [00000260](00) 08 01 12 00 00 07 B7 43
0020.317 RX: [0000032A](00) 00 2F
0020.320 RX: [00000351](00) 00 00 00 00
0020.323 RX: [00000320](00) 20 20 00 00 00 08 C0 33
0020.328 RX: [000000B4](00) 00 00 00 00 00 00 00 BC
0020.332 RX: [00000260](00) 08 01 13 00 00 07 CD 5A
0020.337 RX: [00000639](00) 14 00 02 00 00 00 00 00
0020.341 RX: [000004DD](00) 1E 00 02 03 00 00 00 00
0020.346 RX: [000003B7](00) 00 00 00 00 00 00 00 00
0020.350 RX: [00000361](00) 80 00 00 00
0020.355 RX: [00000680](00) D8 00 01 00 00 00 00 00
0020.359 RX: [00000224](00) 00 00 00 00 00 00 00 08
0020.364 RX: [00000020](00) 00 00 07 01 00 00 2F
0020.368 RX: [0000032A](00) 00 2F
0020.371 RX: [00000260](00) 08 01 16 00 00 08 0F A0
0020.375 RX: [00000020](00) 00 00 07 01 00 00 2F
0020.380 RX: [00000247](00) 06 00 FF 00 00
0020.383 RX: [00000394](00) 00
0020.386 RX: [00000025](00) 00 1B 00 02 78 78 78 B2
0020.391 RX: [00000024](00) 02 01 01 F7 62 15 80 1E
0020.396 RX: [0000044D](00) 5C 02 00 08 02 00 00 00
0020.401 RX: [00000025](00) 00 1B 00 02 78 78 78 B2
0020.405 RX: [000004A7](00) 2A 00 78 00 70 00 00 00
0020.410 RX: [00000127](00) 70 10 00 08 00 00 84 3C
0020.414 RX: [00000361](00) 80 00 00 00
0020.418 RX: [00000320](00) 20 20 00 00 00 08 C0 33
0020.422 RX: [00000262](00) 24 00 00 00 8D
0020.426 RX: [000003BB](00) 00 00 00 00
0020.429 RX: [00000224](00) 00 00 00 00 00 00 00 08
0020.434 RX: [000001C4](00) 00 00 00 00 00 00 00 CD
0020.439 RX: [000004A2](00) 19 00 00 CE 00 30 BB 01
0020.444 RX: [000000AA](00) 1A 6F 1A 6F 1A 6F 1A 6F
0020.448 RX: [00000020](00) 00 00 07 01 00 00 2F
0020.452 RX: [00000260](00) 08 01 16 00 00 08 1A AB
0020.457 RX: [000001C4](00) 00 00 00 00 00 00 00 CD
0020.461 RX: [0000032A](00) 00 2F
0020.464 RX: [00000320](00) 20 20 00 00 00 08 C0 33
0020.469 RX: [00000245](00) 00 00 00 80 CC
0020.473 RX: [00000025](00) 00 1B 00 02 82 82 82 D0
0020.477 RX: [00000361](00) 80 00 00 00
0020.482 RX: [000001C4](00) 00 00 00 00 00 00 00 CD
0020.486 RX: [00000024](00) 02 01 01 F8 62 16 80 20
0020.491 RX: [000000AA](00) 1A 6F 1A 6F 1A 6F 1A 6F
0020.495 RX: [0000045C](00) 5F 02 00 20 07 00 00 00
0020.499 RX: [00000247](00) 06 00 FF 00 00
0020.503 RX: [000001C4](00) 00 00 00 00 00 00 00 CD
0020.508 RX: [00000127](00) 70 10 00 08 00 00 84 3C
0020.512 RX: [0000042F](00) 00 00 00 00 00 00 00 00
0020.517 RX: [00000320](00) 20 20 00 00 00 08 C0 33
0020.521 RX: [00000247](00) 06 00 FF 00 00
0020.526 RX: [000000AA](00) 1A 6F 1A 6F 1A 6F 1A 6F
0020.530 RX: [00000224](00) 00 00 00 00 00 00 00 08
0020.535 RX: [00000024](00) 02 01 01 F8 62 16 80 20
0020.539 RX: [000000AA](00) 1A 6F 1A 6F 1A 6F 1A 6F
0020.544 RX: [00000361](00) 80 00 00 00
0020.547 RX: [00000247](00) 06 00 FF 00 00
0020.551 RX: [00000260](00) 08 00 B2 00 00 04 1C 44
0020.556 RX: [00000127](00) 70 10 00 08 00 00 84 3C
0020.560 RX: [000004C7](00) 08 00 01 21 00 00 00 00
0020.564 RX: [00000245](00) 00 00 00 80 CC
0020.569 RX: [00000024](00) 02 01 01 F8 62 16 80 20
0020.574 RX: [000001C4](00) 00 00 00 00 00 00 00 CD
0020.578 RX: [00000224](00) 00 00 00 00 00 00 00 08
0020.583 RX: [00000262](00) 24 00 00 00 8D
0020.586 RX: [000000AA](00) 1A 6F 1A 6F 1A 6F 1A 6F
0020.591 RX: [00000127](00) 70 10 00 08 00 00 84 3C
0020.595 RX: [00000610](00) 20 00 00 29 C0 00 00 14
0020.600 RX: [0000045F](00) 40 02 00 00 01 00 00 00
0020.604 RX: [00000230](00) 00 29 00 00 00 00 62
0020.610 RX: [00000361](00) 80 00 00 00
0020.613 RX: [00000245](00) 00 00 00 80 CC
0020.617 RX: [00000235](00) 00 00 00 00 00 3D
0020.621 RX: [00000262](00) 24 00 00 00 8D
0020.624 RX: [00000224](00) 00 00 00 00 00 00 00 08
0020.629 RX: [00000024](00) 02 02 01 F8 62 16 80 21
0020.633 RX: [00000260](00) 08 00 68 00 00 01 A0 7B
0020.638 RX: [00000127](00) 70 10 00 08 00 00 84 3C
0020.642 RX: [00000235](00) 00 00 00 00 00 3D
0020.646 RX: [000003B7](00) 00 00 00 00 00 00 00 00
0020.652 RX: [00000260](00) 08 00 5D 00 00 01 46 16
0020.656 RX: [00000127](00) 70 10 00 08 00 00 84 3C
0020.661 RX: [00000320](00) 20 20 00 00 00 08 C0 33
0020.665 RX: [00000025](00) 00 15 00 02 3C 3C 78 34
0020.670 RX: [000001C4](00) 00 00 00 00 00 00 00 CD
0020.674 RX: [00000361](00) 80 00 00 00
0020.678 RX: [00000025](00) 00 13 00 02 14 64 78 32
0020.682 RX: [00000245](00) 00 00 00 80 CC
0020.686 RX: [00000127](00) 70 10 00 08 00 00 84 3C
0020.690 RX: [00000260](00) 08 00 2F 00 00 00 BC 5D
0020.696 RX: [00000224](00) 00 00 00 00 00 00 00 08
0020.700 RX: [00000440](00) 42 02 00 15 05 00 00 00
0020.705 RX: [00000127](00) 70 10 00 08 00 00 84 3C
0020.709 RX: [000004C1](00) 01 00 09 05 00 00 00 00
0020.714 RX: [00000024](00) 02 01 01 F8 62 16 81 21
0020.718 RX: [000001C4](00) 00 00 00 00 00 00 00 CD
0020.723 RX: [000003BC](00) 00 20 00 00 00 00 00 00
0020.727 RX: [0000049A](00) 00 00 00 04 07 C0 32 A8
0020.732 RX: [000000AA](00) 1A 6F 1A 6F 1A 6F 1A 6F
0020.737 RX: [00000127](00) 70 10 00 08 00 00 84 3C
0020.742 RX: [00000262](00) 24 00 00 00 8D
0020.746 RX: [00000224](00) 00 00 00 00 00 00 00 08
0020.750 RX: [00000024](00) 02 02 01 F8 62 16 80 21
0020.754 RX: [00000245](00) 00 00 00 80 CC
0020.758 RX: [00000247](00) 06 00 FF 00 00
0020.762 RX: [00000235](00) 00 00 00 00 00 3D
0020.766 RX: [000000AA](00) 1A 6F 1A 6F 1A 6F 1A 6F
0020.770 RX: [00000260](00) 08 FF A4 00 00 00 4C 61
0020.775 RX: [00000024](00) 02 01 01 F8 62 16 80 20
0020.780 RX: [000000AA](00) 1A 6F 1A 6F 1A 6F 1A 6F
0020.785 RX: [00000611](00) 21 00 00 25 00 01 CC A5
0020.789 RX: [00000024](00) 02 01 01 F7 62 15 80 1E
0020.794 RX: [00000224](00) 00 00 00 00 00 00 00 08
0020.798 RX: [0000032A](00) 00 2F
0020.801 RX: [00000127](00) 70 10 00 08 00 00 84 3C
0020.806 RX: [00000247](00) 06 00 FF 00 00
0020.810 RX: [00000260](00) 08 FF 71 00 00 FF F3 D4
0020.814 RX: [000000AA](00) 1A 6F 1A 6F 1A 6F 1A 6F
0020.818 RX: [00000127](00) 70 10 00 08 00 00 84 3C
0020.824 RX: [00000245](00) 00 00 00 80 CC
0020.828 RX: [000000AA](00) 1A 6F 1A 6F 1A 6F 1A 6F
0020.832 RX: [00000260](00) 08 FF 7D 00 00 FF D2 BF
0020.837 RX: [00000024](00) 02 02 01 F7 62 15 80 1F
0020.841 RX: [00000224](00) 00 00 00 00 00 00 00 08
0020.846 RX: [00000230](00) 00 29 00 00 00 00 62
0020.850 RX: [00000245](00) 00 00 00 80 CC
0020.854 RX: [00000320](00) 20 20 00 00 00 08 C0 33
0020.858 RX: [00000235](00) 00 00 00 00 00 3D
0020.862 RX: [00000262](00) 20 00 00 00 89
0020.867 RX: [00000127](00) 70 10 00 08 00 00 84 3C
0020.871 RX: [00000024](00) 02 01 01 F7 62 15 80 1E
0020.876 RX: [000000AA](00) 1A 6F 1A 6F 1A 6F 1A 6F
0020.880 RX: [000001C4](00) 00 00 00 00 00 00 00 CD
0020.885 RX: [00000127](00) 70 10 00 08 00 00 84 3C
0020.889 RX: [00000224](00) 00 00 00 00 00 00 00 08
0020.894 RX: [00000230](00) 00 29 00 00 00 00 62
0020.898 RX: [00000247](00) 06 00 FF 00 00
0020.902 RX: [000001C4](00) 00 00 00 00 00 00 00 CD
0020.907 RX: [00000235](00) 00 00 00 00 00 3D
0020.911 RX: [00000260](00) 08 00 11 00 00 FF F3 75
0020.916 RX: [00000224](00) 00 00 00 00 00 00 00 08
0020.920 RX: [00000024](00) 02 01 01 F7 62 15 80 1E
0020.925 RX: [000000AA](00) 1A 6F 1A 6F 1A 6F 1A 6F
0020.929 RX: [00000361](00) 80 00 00 00
0020.933 RX: [00000127](00) 70 10 00 08 00 00 84 3C
0020.937 RX: [000004A2](00) 19 00 00 CE 00 30 BB 01
0020.942 RX: [00000020](00) 00 00 07 01 00 00 2F
0020.946 RX: [00000247](00) 06 00 FF 00 00
0020.950 RX: [00000260](00) 08 00 16 00 00 FF EB 72
0020.955 RX: [00000024](00) 02 01 01 F8 62 15 80 1F
0020.959 RX: [00000235](00) 00 00 00 00 00 3D
0020.963 RX: [00000224](00) 00 00 00 00 00 00 00 08
0020.968 RX: [00000024](00) 02 01 01 F8 62 15 80 1F
0020.972 RX: [000000AA](00) 1A 6F 1A 6F 1A 6F 1A 6F
0020.977 RX: [00000351](00) 00 00 00 00
0020.980 RX: [00000127](00) 70 10 00 08 00 00 84 3C
0020.985 RX: [000004C8](00) 09 00 09 05 00 00 00 00
0020.989 RX: [00000245](00) 00 00 00 80 CC
0020.994 RX: [0000044D](00) 5C 02 00 08 02 00 00 00
0020.999 RX: [00000127](00) 70 10 00 08 00 00 84 3C
0021.003 RX: [00000025](00) 00 01 00 02 78 78 78 98
0021.008 RX: [00000630](00) 17 00 00 00 00 00 00 00
0021.012 RX: [00000245](00) 00 00 00 80 CC
0021.016 RX: [00000247](00) 06 00 FF 00 00
0021.019 RX: [000001C4](00) 00 00 00 00 00 00 00 CD
0021.024 RX: [00000020](00) 00 00 07 01 00 00 2F
0021.028 RX: [00000024](00) 02 01 01 F8 62 16 80 20
0021.033 RX: [00000224](00) 00 00 00 00 00 00 00 08
0021.038 RX: [00000351](00) 00 00 00 00
0021.042 RX: [00000024](00) 02 01 01 F8 62 16 80 20
0021.046 RX: [00000320](00) 20 20 00 00 00 08 C0 33
0021.051 RX: [00000024](00) 02 01 01 F8 62 17 7F 20
0021.055 RX: [00000235](00) 00 00 00 00 00 3D
0021.059 RX: [00000245](00) 00 00 00 80 CC
0021.063 RX: [00000127](00) 70 10 00 08 00 00 84 3C
0021.067 RX: [000001C4](00) 00 00 00 00 00 00 00 CD
0021.072 RX: [00000260](00) 08 00 22 00 00 00 01 95
0021.076 RX: [00000024](00) 02 02 01 F8 62 17 80 22
0021.082 RX: [00000224](00) 00 00 00 00 00 00 00 08
0021.086 RX: [00000423](00) 00
0021.089 RX: [00000260](00) 08 FF ED 00 00 FF EB 48
0021.093 RX: [00000320](00) 20 20 00 00 00 08 C0 33
0021.098 RX: [0000045C](00) 5F 02 00 20 07 00 00 00
0021.102 RX: [00000262](00) 20 00 00 00 89
0021.106 RX: [00000245](00) 00 00 00 80 CC
0021.110 RX: [00000025](00) 00 01 00 02 78 78 78 98
0021.114 RX: [0000038F](00) 09
0021.117 RX: [000000AA](00) 1A 6F 1A 6F 1A 6F 1A 6F
0021.123 RX: [00000361](00) 80 00 00 00
0021.126 RX: [00000235](00) 00 00 00 00 00 3D
0021.130 RX: [00000260](00) 08 FF FA 00 00 00 00 6B
0021.135 RX: [00000247](00) 06 00 FF 00 00
0021.138 RX: [000001C4](00) 00 00 00 00 00 00 00 CD
0021.143 RX: [00000320](00) 20 20 00 00 00 08 C0 33
0021.147 RX: [00000235](00) 00 00 00 00 00 3D
0021.151 RX: [00000260](00) 08 00 1C 00 00 00 0A 98
0021.156 RX: [00000351](00) 00 00 00 00
0021.159 RX: [00000025](00) 00 01 00 02 78 78 78 98
0021.165 RX: [00000127](00) 70 10 00 08 00 00 84 3C
0021.169 RX: [000000AA](00) 1A 6F 1A 6F 1A 6F 1A 6F
0021.174 RX: [00000235](00) 00 00 00 00 00 3D
0021.178 RX: [00000224](00) 00 00 00 00 00 00 00 08
0021.182 RX: [00000247](00) 06 00 FF 00 00
0021.186 RX: [00000361](00) 80 00 00 00
0021.189 RX: [00000260](00) 08 FF E5 00 00 FF EB 40
0021.194 RX: [00000127](00) 70 10 00 08 00 00 84 3C
0021.198 RX: [00000024](00) 02 01 01 F8 62 16 80 20
0021.203 RX: [00000224](00) 00 00 00 00 00 00 00 08
0021.208 RX: [00000025](00) 00 01 00 02 78 78 78 98
0021.213 RX: [00000127](00) 70 10 00 08 00 00 84 3C
0021.217 RX: [00000351](00) 00 00 00 00
0021.221 RX: [000003F9](00) 55 3C 56 01 00 00 00 EC
0021.225 RX: [00000224](00) 00 00 00 00 00 00 00 08
0021.230 RX: [00000260](00) 08 00 08 00 00 00 00 7A
0021.234 RX: [00000622](00) 12 00 88 30 00 00 00 00
0021.239 RX: [00000320](00) 20 20 00 00 00 08 C0 33
0021.243 RX: [00000235](00) 00 00 00 00 00 3D
0021.248 RX: [00000245](00) 00 00 00 80 CC
0021.252 RX: [00000361](00) 80 00 00 00
0021.255 RX: [000001C4](00) 00 00 00 00 00 00 00 CD
0021.260 RX: [00000262](00) 20 00 00 00 89
0021.264 RX: [000000AA](00) 1A 6F 1A 6F 1A 6F 1A 6F
0021.268 RX: [00000235](00) 00 00 00 00 00 3D
0021.272 RX: [00000245](00) 00 00 00 80 CC
0021.276 RX: [00000127](00) 70 10 00 08 00 00 84 3C
0021.280 RX: [00000394](00) 00
0021.283 RX: [00000320](00) 20 20 00 00 00 08 C0 33
0021.287 RX: [00000260](00) 08 FF EB 00 00 FF EB 46
0021.293 RX: [00000024](00) 02 01 01 F7 62 15 80 1E
0021.297 RX: [000000B6](00) 00 00 00 BA
0021.301 RX: [000006C0](00) E4 00 80 A0 00 00 00 00
0021.305 RX: [00000024](00) 02 01 01 F7 62 15 80 1E
0021.310 RX: [00000260](00) 08 FF FB 00 00 FF F3 5E
0021.314 RX: [00000020](00) 00 00 07 01 00 00 2F
0021.319 RX: [00000245](00) 00 00 00 80 CC
0021.322 RX: [00000638](00) 13 00 10 00 FF 00 00 00
0021.327 RX: [00000020](00) 00 00 07 01 00 00 2F
0021.331 RX: [00000260](00) 08 00 0A 00 00 00 10 8C
0021.337 RX: [00000351](00) 00 00 00 00
0021.340 RX: [00000245](00) 00 00 00 80 CC
0021.344 RX: [0000063B](00) 16 00 1C A7 00 00 1D E1
0021.348 RX: [00000224](00) 00 00 00 00 00 00 00 08
0021.353 RX: [00000024](00) 02 01 01 F7 62 15 80 1E
0021.357 RX: [000000AA](00) 1A 6F 1A 6F 1A 6F 1A 6F
0021.362 RX: [00000127](00) 70 10 00 08 00 00 84 3C
0021.366 RX: [00000245](00) 00 00 00 80 CC
0021.370 RX: [00000224](00) 00 00 00 00 00 00 00 08
0021.374 RX: [00000127](00) 70 10 00 08 00 00 84 3C
0021.380 RX: [00000262](00) 20 00 00 00 89
0021.384 RX: [00000320](00) 20 20 00 00 00 08 C0 33
0021.388 RX: [00000025](00) 00 01 00 02 78 78 78 98
0021.393 RX: [00000247](00) 06 00 FF 00 00
0021.396 RX: [000001C4](00) 00 00 00 00 00 00 00 CD
0021.401 RX: [00000024](00) 02 01 01 F8 62 15 80 1F
0021.405 RX: [000000AA](00) 1A 6F 1A 6F 1A 6F 1A 6F
0021.410 RX: [00000260](00) 08 00 04 00 00 00 00 76
0021.414 RX: [00000024](00) 02 01 01 F8 62 16 80 20
0021.420 RX: [00000262](00) 20 00 00 00 89
0021.423 RX: [00000127](00) 70 10 00 08 00 00 84 3C
0021.428 RX: [0000032A](00) 00 2F
0021.431 RX: [00000320](00) 20 20 00 00 00 08 C0 33
0021.435 RX: [00000245](00) 00 00 00 80 CC
0021.439 RX: [00000247](00) 06 00 FF 00 00
0021.443 RX: [000001C4](00) 00 00 00 00 00 00 00 CD
0021.447 RX: [00000020](00) 00 00 07 01 00 00 2F
0021.452 RX: [000003BB](00) 00 00 00 00
0021.455 RX: [00000127](00) 70 10 00 08 00 00 84 3C
0021.460 RX: [00000025](00) 00 01 00 02 78 78 78 98
0021.465 RX: [00000247](00) 06 00 FF 00 00
0021.469 RX: [000003F9](00) 55 3C 56 01 00 00 00 EC
0021.473 RX: [00000127](00) 70 10 00 08 00 00 84 3C
0021.478 RX: [000000AA](00) 1A 6F 1A 6F 1A 6F 1A 6F
0021.482 RX: [00000245](00) 00 00 00 80 CC
0021.486 RX: [00000247](00) 06 00 FF 00 00
0021.490 RX: [00000224](00) 00 00 00 00 00 00 00 08
0021.494 RX: [00000443](00) 4D 02 00 20 05 00 00 00
0021.499 RX: [00000262](00) 20 00 00 00 89
0021.502 RX: [000000AA](00) 1A 6F 1A 6F 1A 6F 1A 6F
0021.508 RX: [00000245](00) 00 00 00 80 CC
0021.512 RX: [0000042F](00) 00 00 00 00 00 00 00 00
0021.516 RX: [00000224](00) 00 00 00 00 00 00 00 08
0021.521 RX: [00000025](00) 00 01 00 02 78 78 78 98
0021.525 RX: [00000127](00) 70 10 00 08 00 00 84 3C
0021.530 RX: [00000245](00) 00 00 00 80 CC
0021.533 RX: [00000024](00) 02 01 01 F8 62 15 80 1F
0021.538 RX: [000000AA](00) 1A 6F 1A 6F 1A 6F 1A 6F
0021.542 RX: [00000262](00) 20 00 00 00 89
0021.547 RX: [00000024](00) 02 01 01 F8 62 16 80 20
0021.551 RX: [000003B7](00) 00 00 00 00 00 00 00 00
0021.556 RX: [00000127](00) 70 10 00 08 00 00 84 3C
0021.560 RX: [000003B3](00) 00 00 28
0021.564 RX: [00000224](00) 00 00 00 00 00 00 00 08
0021.568 RX: [00000020](00) 00 00 07 01 00 00 2F
0021.572 RX: [00000127](00) 70 10 00 08 00 00 84 3C
0021.577 RX: [00000245](00) 00 00 00 80 CC
0021.581 RX: [00000024](00) 02 01 01 F8 62 16 80 20
0021.585 RX: [000001C4](00) 00 00 00 00 00 00 00 CD
0021.591 RX: [00000260](00) 08 FF FE 00 00 FF F3 61
0021.595 RX: [0000044D](00) 5C 02 00 08 02 00 00 00
0021.600 RX: [000000AA](00) 1A 6F 1A 6F 1A 6F 1A 6F
0021.604 RX: [00000127](00) 70 10 00 08 00 00 84 3C
0021.608 RX: [000001C4](00) 00 00 00 00 00 00 00 CD
0021.613 RX: [00000613](00) 28 00 00 00 00 00 00 00
0021.617 RX: [000004C1](00) 01 00 09 05 00 00 00 00
0021.622 RX: [00000127](00) 70 10 00 08 00 00 84 3C
0021.626 RX: [00000616](00) 2B 00 00 00 00 00 00 00
0021.632 RX: [00000024](00) 02 01 01 F7 62 16 80 1F
0021.636 RX: [00000224](00) 00 00 00 00 00 00 00 08
0021.641 RX: [00000230](00) 00 29 00 00 00 00 62
0021.645 RX: [000004A6](00) 0C 8B 17 17 17 17 13 00
0021.650 RX: [00000260](00) 08 FF FD 00 00 FF EB 58
0021.654 RX: [00000235](00) 00 00 00 00 00 3D
0021.658 RX: [000001AA](00) 00 00 00 00 00 B1
0021.662 RX: [00000224](00) 00 00 00 00 00 00 00 08
0021.666 RX: [00000024](00) 02 01 01 F7 62 16 80 1F
0021.671 RX: [00000320](00) 20 20 00 00 00 08 C0 33
0021.676 RX: [00000247](00) 06 00 FF 00 00
0021.680 RX: [000001C4](00) 00 00 00 00 00 00 00 CD
0021.685 RX: [00000224](00) 00 00 00 00 00 00 00 08
0021.689 RX: [00000024](00) 02 01 01 F7 62 15 80 1E
0021.694 RX: [00000351](00) 00 00 00 00
0021.697 RX: [00000262](00) 20 00 00 00 89
0021.701 RX: [00000235](00) 00 00 00 00 00 3D
0021.705 RX: [000003B1](00) 00 00 01 01 00 08 00 00
0021.709 RX: [00000260](00) 08 FF FD 00 00 FF EB 58
0021.714 RX: [00000024](00) 02 01 01 F7 62 16 80 1F
0021.719 RX: [000000AA](00) 1A 6F 1A 6F 1A 6F 1A 6F
0021.724 RX: [000004A8](00) 00 00 00 40 00 00 00 00
0021.728 RX: [00000260](00) 08 FF FD 00 00 FF EB 58
0021.733 RX: [00000224](00) 00 00 00 00 00 00 00 08
0021.737 RX: [00000024](00) 02 01 01 F7 62 15 80 1E
0021.742 RX: [00000245](00) 00 00 00 80 CC
0021.745 RX: [00000247](00) 06 00 FF 00 00
0021.749 RX: [00000235](00) 00 00 00 00 00 3D
0021.753 RX: [00000351](00) 00 00 00 00
0021.757 RX: [00000224](00) 00 00 00 00 00 00 00 08
0021.762 RX: [0000032A](00) 00 2F
0021.765 RX: [00000245](00) 00 00 00 80 CC
0021.769 RX: [00000247](00) 06 00 FF 00 00
0021.773 RX: [000000B4](00) 00 00 00 00 00 00 00 BC
0021.777 RX: [00000235](00) 00 00 00 00 00 3D
0021.781 RX: [00000224](00) 00 00 00 00 00 00 00 08
0021.786 RX: [00000025](00) 00 01 00 02 78 78 78 98
0021.790 RX: [00000245](00) 00 00 00 80 CC
0021.794 RX: [00000247](00) 06 00 FF 00 00
0021.797 RX: [00000235](00) 00 00 00 00 00 3D
0021.801 RX: [00000127](00) 70 10 00 08 00 00 84 3C
0021.807 RX: [00000224](00) 00 00 00 00 00 00 00 08
0021.811 RX: [00000024](00) 02 01 01 F7 62 16 80 1F
0021.816 RX: [00000247](00) 06 00 FF 00 00
0021.820 RX: [000001C4](00) 00 00 00 00 00 00 00 CD
0021.824 RX: [00000024](00) 02 01 01 F8 62 16 80 20
0021.829 RX: [00000260](00) 08 FF FD 00 00 FF EB 58
0021.833 RX: [00000025](00) 00 01 00 02 78 78 78 98
0021.838 RX: [00000245](00) 00 00 00 80 CC
0021.841 RX: [0000063B](00) 16 00 1C A7 00 00 1D E6
0021.847 RX: [00000235](00) 00 00 00 00 00 3D
0021.851 RX: [000000AA](00) 1A 6F 1A 6F 1A 6F 1A 6F
0021.855 RX: [000003B7](00) 00 00 00 00 00 00 00 00
0021.860 RX: [00000245](00) 00 00 00 80 CC
0021.863 RX: [00000320](00) 20 20 00 00 00 08 C0 33
0021.868 RX: [00000260](00) 08 FF FD 00 00 FF EB 58
0021.872 RX: [00000351](00) 00 00 00 00
0021.876 RX: [00000620](00) 10 00 00 1B B0 00 00 40
0021.880 RX: [00000394](00) 00
0021.883 RX: [00000024](00) 02 01 01 F8 62 16 80 20
0021.889 RX: [00000260](00) 08 FF FD 00 00 FF EB 58
0021.893 RX: [000001C4](00) 00 00 00 00 00 00 00 CD
0021.898 RX: [00000262](00) 20 00 00 00 89
0021.901 RX: [000004A7](00) 2A 00 78 00 70 00 00 00
0021.906 RX: [00000025](00) 00 01 00 02 78 78 78 98
0021.910 RX: [00000247](00) 06 00 FF 00 00
0021.914 RX: [00000127](00) 70 10 00 08 00 00 84 3C
0021.919 RX: [00000235](00) 00 00 00 00 00 3D
0021.923 RX: [000000AA](00) 1A 6F 1A 6F 1A 6F 1A 6F
0021.927 RX: [00000260](00) 08 FF FD 00 00 00 00 6E
0021.932 RX: [00000127](00) 70 10 00 08 00 00 84 3C
0021.937 RX: [000004A2](00) 19 00 00 CE 00 30 BB 01
0021.941 RX: [000001C4](00) 00 00 00 00 00 00 00 CD
0021.946 RX: [00000633](00) 81 00 00 00 00 00 00 00
0021.950 RX: [00000224](00) 00 00 00 00 00 00 00 08
0021.955 RX: [00000024](00) 02 01 01 F8 62 16 80 20
0021.959 RX: [000000AA](00) 1A 6F 1A 6F 1A 6F 1A 6F
0021.964 RX: [00000127](00) 70 10 00 08 00 00 84 3C
0021.968 RX: [000003F9](00) 55 3C 56 01 00 00 00 EC
0021.974 RX: [00000224](00) 00 00 00 00 00 00 00 08
0021.978 RX: [00000230](00) 00 29 00 00 00 00 62
